9.99877 1 0.156994
3.99803 1 0.125579
6.99224 1 0.329578
7.98423 1 0.50207
7.97536 1 0.627355
6.96897 1 0.658425
6.95777 1 0.767752
7.93698 1 1.00216
11.8804 1 1.68996
14.8155 1 2.34534
21.6727 1 3.78054
21.6107 1 4.12032
28.3981 1 5.87789
31.2301 1 6.9771
33.0615 1 7.93319
34.8701 1 8.94839
35.6899 1 9.75847
35.5323 1 10.3176
35.366 1 10.8741
35.1909 1 11.428
34.061 1 11.6553
34.8148 1 12.5272
34.6138 1 13.0722
34.4043 1 13.614
33.2624 1 13.77
33.0421 1 14.2905
32.8137 1 14.8075
32.5772 1 15.3208
31.4345 1 15.3906
32.0801 1 16.336
31.8197 1 16.8376
30.675 1 16.8536
30.4067 1 17.3331
30.1308 1 17.8083
28.9947 1 17.7569
28.7124 1 18.2099
28.4229 1 18.6584
29.781 1 20.226
29.4598 1 20.691
29.1314 1 21.151
29.5956 1 22.2059
29.2433 1 22.6678
28.8838 1 23.1241
27.7465 1 22.9375
27.383 1 23.3703
27.7631 1 24.4584
27.3757 1 24.8912
26.2523 1 24.6337
26.5807 1 25.7384
25.466 1 25.4457
25.0634 1 25.8424
24.6546 1 26.2327
24.2397 1 26.6165
23.8188 1 26.9938
23.3921 1 27.3644
22.9596 1 27.7282
22.5215 1 28.0853
22.0778 1 28.4354
21.6287 1 28.7785
21.7624 1 29.9232
20.7145 1 29.4433
21.3747 1 31.4185
20.8788 1 31.7502
19.3053 1 30.386
18.8258 1 30.6853
19.3608 1 32.698
17.8532 1 31.2612
16.878 1 30.6616
16.863 1 31.8063
17.2705 1 33.8486
16.737 1 34.1156
16.1993 1 34.3741
15.6577 1 34.6242
15.1122 1 34.8658
15.7126 1 37.8697
15.1162 1 38.1117
14.1619 1 37.4091
13.5729 1 37.6268
13.305 1 38.7811
13.0042 1 39.9361
12.3756 1 40.1353
11.744 1 40.3247
11.374 1 41.4685
10.7215 1 41.6419
10.0664 1 41.8051
9.4089 1 41.958
8.95249 1 43.0796
8.6512 1 45.1792
7.94085 1 45.3094
7.0714 1 44.4409
6.65608 1 46.5263
5.92482 1 46.6251
5.30258 1 47.7062
4.55297 1 47.7836
3.72302 1 46.8523
2.66925 1 41.9151
1.86724 1 38.9553
1.15887 1 35.9813
0.577345 1 34.9952
0.0254825 1 32
-0.447094 1 29.9967
-0.856769 1 27.9869
-1.29604 1 27.97
-1.73499 1 27.9462
-2.09589 1 26.9185
-2.42497 1 25.8867
-2.83107 1 25.8454
-3.23648 1 25.7978
-3.78113 1 26.7339
-4.0448 1 25.6834
-4.27646 1 24.6315
-4.66263 1 24.5613
-5.04765 1 24.4851
-6.30046 1 28.3073
-6.51153 1 27.2323
-6.93826 1 27.1267
-6.83733 1 25.0849
-7.2303 1 24.9744
-7.6215 1 24.8579
-8.31892 1 25.6865
-7.75214 1 22.7135
-8.44559 1 23.5302
-8.81396 1 23.3947
-9.18016 1 23.2535
-9.54409 1 23.1065
-10.3019 1 23.872
-11.4966 1 25.5309
-10.6214 1 22.6315
-10.9754 1 22.462
-12.2328 1 24.0699
-13.5432 1 25.6433
-13.9441 1 25.4276
-14.3416 1 25.2055
-14.2274 1 24.116
-14.6043 1 23.8896
-16.5823 1 26.1921
-16.9914 1 25.9286
-17.3964 1 25.6586
-17.7971 1 25.3824
-18.1934 1 25.0998
-18.5852 1 24.8111
-19.5844 1 25.3071
-20.6037 1 25.7777
-22.2789 1 26.9935
-23.3485 1 27.4016
-25.0967 1 28.5334
-26.2137 1 28.8763
-26.6638 1 28.4612
-28.4975 1 29.477
-28.9567 1 29.026
-28.6916 1 27.871
-29.1256 1 27.4172
-29.5524 1 26.9565
-29.972 1 26.4893
-29.6245 1 25.3651
-30.0191 1 24.8968
-31.1859 1 25.0487
-31.5753 1 24.556
-31.957 1 24.0573
-30.7142 1 22.375
-31.0616 1 21.89
-31.4015 1 21.3997
-31.7336 1 20.9041
-32.0578 1 20.4033
-31.5223 1 19.3739
-30.9625 1 18.3664
-31.247 1 17.8781
-30.6481 1 16.9024
-30.9097 1 16.4192
-32.9445 1 16.8423
-33.2048 1 16.323
-32.5527 1 15.3727
-32.7901 1 14.8597
-33.0193 1 14.3431
-33.2404 1 13.8229
-34.3826 1 13.6688
-35.5279 1 13.4821
-35.7352 1 12.9227
-34.988 1 12.0348
-35.1727 1 11.4841
-35.3486 1 10.9305
-36.4758 1 10.6545
-36.6385 1 10.0806
-37.7605 1 9.75424
-36.9369 1 8.92535
-37.0725 1 8.34436
-37.199 1 7.76132
-37.3162 1 7.17636
-36.4394 1 6.41623
-36.5357 1 5.84336
-36.6229 1 5.26905
-37.693 1 4.8203
-37.7641 1 4.22795
-37.8258 1 3.63456
-37.8782 1 3.04027
-37.9212 1 2.44523
-35.9573 1 1.75224
-37.9793 1 1.25349
-37.9943 1 0.657088
-38 1 0.0605208
-37.9962 1 -0.536061
-37.9831 1 -1.13251
-37.9607 1 -1.72868
-37.9288 1 -2.32443
-37.8877 1 -2.9196
-36.8415 1 -3.42158
-36.7832 1 -3.99954
-36.7159 1 -4.57652
-35.6492 1 -5.01312
-36.5541 1 -5.72695
-35.4743 1 -6.12985
-35.3737 1 -6.68602
-34.2848 1 -7.03941
-34.17 1 -7.57679
-35.0197 1 -8.34409
-34.8843 1 -8.89285
-35.7054 1 -9.70162
-34.588 1 -9.98365
-32.5143 1 -9.94068
-32.3543 1 -10.4499
-32.1862 1 -10.9566
-32.9517 1 -11.7976
-31.8264 1 -11.9616
-32.5651 1 -12.8263
-33.2843 1 -13.717
-33.0648 1 -14.2378
-33.7494 1 -15.165
-33.5071 1 -15.693
-31.459 1 -15.3405
-32.1061 1 -16.2849
-31.8465 1 -16.7869
-31.579 1 -17.2848
-31.3038 1 -17.7785
-31.8825 1 -18.7752
-31.5838 1 -19.2734
-30.432 1 -19.2326
-29.2895 1 -19.1606
-29.8132 1 -20.1785
-29.4927 1 -20.6441
-29.9751 1 -21.6908
-28.8301 1 -21.5598
-28.488 1 -22.0098
-27.3574 1 -21.8306
-27.0113 1 -22.2574
-26.6585 1 -22.6787
-27.0506 1 -23.7543
-26.6743 1 -24.176
-26.2915 1 -24.5918
-26.6217 1 -25.696
-25.5065 1 -25.4051
-25.1045 1 -25.8024
-25.3823 1 -26.921
-24.9565 1 -27.3161
-23.8618 1 -26.9558
-22.7847 1 -26.568
-23.0038 1 -27.6916
-22.5662 1 -28.0494
-22.123 1 -28.4002
-21.6745 1 -28.744
-22.3994 1 -30.6963
-20.7614 1 -29.4103
-21.4247 1 -31.3844
-20.9293 1 -31.7169
-20.9664 1 -32.8848
-20.4476 1 -33.2099
-20.4345 1 -34.3865
-19.8922 1 -34.703
-18.8613 1 -34.1358
-18.3231 1 -34.4277
-17.7803 1 -34.7111
-17.2332 1 -34.986
-16.254 1 -34.3483
-16.5398 1 -36.4203
-15.1677 1 -34.8417
-14.6188 1 -35.0755
-14.0664 1 -35.3007
-13.866 1 -36.4518
-13.292 1 -36.665
-12.7147 1 -36.8692
-12.1343 1 -37.0642
-11.551 1 -37.2502
-10.9647 1 -37.4269
-10.3758 1 -37.5945
-10.0352 1 -38.7207
-9.42606 1 -38.8735
-8.81461 1 -39.0167
-7.99596 1 -38.1715
-7.39571 1 -38.2923
-6.61944 1 -37.419
-6.03117 1 -37.5183
-5.58461 1 -38.5981
-4.97795 1 -38.681
-4.37007 1 -38.7544
-3.76112 1 -38.8182
-3.15123 1 -38.8725
-2.54057 1 -38.9172
-2.02822 1 -40.9498
-1.38508 1 -40.9766
-0.72352 1 -39.9935
-0.0979481 1 -40.9999
0.532425 1 -39.9965
1.16028 1 -39.9832
1.78784 1 -39.96
2.41497 1 -39.927
3.11754 1 -40.8813
3.75897 1 -40.8273
4.29216 1 -39.7691
4.79308 1 -38.7043
5.53859 1 -39.6147
6.46782 1 -41.499
7.11853 1 -41.3923
7.58255 1 -40.2927
8.41453 1 -41.1485
9.0595 1 -41.0113
9.93324 1 -41.837
10.5888 1 -41.6759
11.2418 1 -41.5045
11.892 1 -41.3229
12.8309 1 -42.0876
13.4901 1 -41.881
14.1459 1 -41.6641
14.7983 1 -41.4368
15.447 1 -41.1994
16.4576 1 -41.8825
17.4934 1 -42.5439
18.1591 1 -42.264
20.0478 1 -44.7111
20.7473 1 -44.3909
21.4417 1 -44.0597
22.1307 1 -43.7176
22.8143 1 -43.3648
21.5746 1 -39.491
22.1919 1 -39.1474
22.8038 1 -38.7942
22.8898 1 -37.5774
23.4769 1 -37.2134
23.5114 1 -36.0029
24.0738 1 -35.6294
24.6302 1 -35.2471
24.5949 1 -34.0454
25.1264 1 -33.6551
23.8194 1 -30.881
23.6781 1 -29.7211
19.0593 1 -23.1677
12.9471 1 -15.2437
9.88864 1 -11.279
8.72256 1 -9.63934
7.50777 1 -8.03949
4.8574 1 -5.0404
4.2308 1 -4.25445
5.01325 1 -4.88542
6.54342 1 -6.17929
4.42642 1 -4.05053
3.74122 1 -3.31712
3.79283 1 -3.25798
4.61222 1 -3.83763
4.6719 1 -3.76475
4.73043 1 -3.69094
4.78779 1 -3.61622
4.84397 1 -3.54061
4.89896 1 -3.46413
4.95274 1 -3.38679
4.17108 1 -2.75718
5.05663 1 -3.22963
5.10671 1 -3.14985
2.57776 1 -1.53464
0 1 -0
3.49956 1 -1.93728
4.41193 1 -2.35262
3.55866 1 -1.82646
1.79345 1 -0.885181
1.80712 1 -0.856916
8.19159 1 -3.72798
4.58284 1 -1.9994
1.84547 1 -0.770881
1.85734 1 -0.741814
1.86876 1 -0.712563
1.87971 1 -0.683137
1.89021 1 -0.653543
1.90023 1 -0.623787
0.954896 1 -0.296939
0.959441 1 -0.281911
1.9275 1 -0.533627
3.87127 1 -1.0066
3.8866 1 -0.945702
3.90097 1 -0.884568
5.87156 1 -1.23482
2.94511 1 -0.571246
4.92286 1 -0.874899
3.94879 1 -0.638005
3.95832 1 -0.575932
4.95859 1 -0.642148
4.96806 1 -0.564222
4.97631 1 -0.486157
4.98333 1 -0.407972
8.98041 1 -0.593437
6.99115 1 -0.351849
6.99581 1 -0.242049
7.99857 1 -0.151073
7.99996 1 -0.0254824
4.99961 2 0.0625718
5.99761 2 0.169266
5.99422 2 0.263403
5.98934 2 0.357476
5.98299 2 0.451461
7.96689 2 0.727113
8.9488 2 0.95861
9.92517 2 1.22109
11.8857 2 1.65211
13.8347 2 2.14492
18.7277 2 3.20538
22.6066 2 4.23562
23.5172 2 4.78958
27.3457 2 6.01789
31.1404 2 7.36738
34.8985 2 8.83728
35.7208 2 9.64474
36.5262 2 10.4801
36.3572 2 11.0523
36.1792 2 11.6217
35.0451 2 11.8675
34.8545 2 12.4162
34.6553 2 12.9619
33.5165 2 13.1394
33.3061 2 13.664
33.0875 2 14.1852
31.9479 2 14.2945
31.7196 2 14.7943
31.4834 2 15.2904
31.2395 2 15.7828
31.8732 2 16.7362
31.6065 2 17.2345
30.4617 2 17.2361
31.0499 2 18.2183
30.76 2 18.7035
30.4626 2 19.1841
30.1577 2 19.66